12	14477	883	2	1024	16	384	232	60.42	11.91	232	/home/cs3612/qemu/mem/mem-winxp
15	14974	952	2	1024	13	421	277	65.80	15.18	277	/home/cs3612/qemu/mem/mem-winxpsp2-b
15	15183	851	2	1024	14	423	282	66.67	14.76	282	/home/cs3612/qemu/mem/mem-winxpsp3-a
24	21903	2310	1	1024	5	807	453	56.13	7.09	453	/home/cs3612/qemu/mem/mem-winvista
18	33094	2011	2	280	1	280	178	63.57	5.75	178	/home/cs3612/qemu/mem/mem-win7-b
20	14460	1028	2	1024	9	659	374	56.75	13.08	374	/home/cs3612/qemu/mem/mem-win2003
19	14923	1108	2	1024	6	563	342	60.75	12.66	342	/home/cs3612/qemu/mem/mem-win2003sp2
20	27447	1804	1	1024	9	849	542	63.84	7.71	542	/home/cs3612/qemu/mem/mem-win2008
21	36403	1969	1	1024	6	856	536	62.62	7.81	536	/home/cs3612/qemu/mem/mem-win2008sp2
27	9014	369	1	3072	5	1758	1001	56.94	8.87	1001	/home/cs3612/qemu/mem/mem-freebsd7.4
20	9005	350	1	3072	2	2959	1122	37.92	8.66	1122	/home/cs3612/qemu/mem/mem-freebsd8.0
27	10199	360	1	3072	2	2956	1143	38.67	8.90	1143	/home/cs3612/qemu/mem/mem-freebsd8.2
18	10465	412	1	4096	2	3966	1187	29.93	9.15	1187	/home/cs3612/qemu/mem/mem-freebsd8.3
21	10134	360	1	4096	3	2281	1318	57.78	8.64	1318	/home/cs3612/qemu/mem/mem-freebsd9
20	7667	187	1	1634	4	1631	1163	71.31	16.41	1163	/home/cs3612/qemu/mem/mem-openbsd4.7
12	9195	833	1	1936	3	1934	1258	65.05	11.22	1258	/home/cs3612/qemu/mem/mem-openbsd4.8
8	9245	834	1	1973	3	1971	1291	65.50	11.00	1291	/home/cs3612/qemu/mem/mem-openbsd4.9
11	10098	1106	1	1588	4	1585	1290	81.39	11.36	1290	/home/cs3612/qemu/mem/mem-openbsd5
7	10891	1195	1	1596	3	1593	1293	81.17	11.00	1293	/home/cs3612/qemu/mem/mem-openbsd5.1
16	7143	225	1	2006	3	1995	1069	53.58	7.81	1069	/home/cs3612/qemu/mem/mem-netbsd4.0
11	7079	220	1	2006	3	1995	1048	52.53	7.58	1048	/home/cs3612/qemu/mem/mem-netbsd4.0.1
13	8081	213	1	2048	11	1792	1148	64.06	8.43	1148	/home/cs3612/qemu/mem/mem-netbsd5.0
11	8024	212	1	2048	11	1792	1147	64.01	8.28	1147	/home/cs3612/qemu/mem/mem-netbsd5.0.1
13	8097	211	1	2048	13	1779	1138	63.97	8.45	1138	/home/cs3612/qemu/mem/mem-netbsd5.0.2
11	8808	210	1	2048	8	1792	1182	65.96	8.28	1182	/home/cs3612/qemu/mem/mem-netbsd5.1
13	8182	210	1	2048	9	1792	1183	66.02	8.28	1183	/home/cs3612/qemu/mem/mem-netbsd5.1.2
82	131551	69	1	812	2	811	526	64.86	9.48	526	/home/cs3612/qemu/mem/mem-2.6.26
77	131555	72	1	845	2	844	548	64.93	9.57	548	/home/cs3612/qemu/mem/mem-2.6.27
77	131842	109	1	885	2	884	575	65.05	9.78	575	/home/cs3612/qemu/mem/mem-2.6.28
77	131278	31	1	1229	11	971	880	90.63	10.79	880	/home/cs3612/qemu/mem/mem-2.6.28.1
74	131278	31	1	1230	12	971	874	90.01	11.07	874	/home/cs3612/qemu/mem/mem-2.6.28.2
79	131678	106	1	908	2	907	597	65.82	9.76	597	/home/cs3612/qemu/mem/mem-2.6.29
79	137360	190	1	934	3	670	606	90.45	9.98	606	/home/cs3612/qemu/mem/mem-2.6.30
84	131263	26	1	1545	3	1098	976	88.89	10.99	976	/home/cs3612/qemu/mem/mem-2.6.31
85	131256	26	1	1589	2	1588	1005	63.29	11.33	1005	/home/cs3612/qemu/mem/mem-2.6.32.27
87	131241	28	1	1606	3	1152	1039	90.19	11.23	1039	/home/cs3612/qemu/mem/mem-2.6.33
83	131243	28	1	1617	2	1616	1043	64.54	11.19	1043	/home/cs3612/qemu/mem/mem-2.6.34
96	131245	28	1	1640	3	1175	1056	89.87	11.35	1056	/home/cs3612/qemu/mem/mem-2.6.35
99	131244	28	1	1641	3	1183	1071	90.53	11.15	1071	/home/cs3612/qemu/mem/mem-2.6.36
78	131227	36	1	1024	1	1023	926	90.52	11.29	926	/home/cs3612/qemu/mem/mem-2.6.36.1
78	98459	36	1	1024	1	1023	925	90.42	11.17	925	/home/cs3612/qemu/mem/mem-2.6.36.2
76	98459	36	1	1024	1	1023	930	90.91	11.15	930	/home/cs3612/qemu/mem/mem-2.6.36.3
81	98459	36	1	1024	1	1023	929	90.81	11.11	929	/home/cs3612/qemu/mem/mem-2.6.36.4
58	131354	149	2	1024	1	1023	975	95.31	15.55	975	/home/cs3612/qemu/mem/mem-3.0.0
73	131335	183	2	1024	1	1023	918	89.74	12.33	918	/home/cs3612/qemu/mem/mem-3.0.4
102	25652	2230	1	2048	44	498	393	78.92	14.00	393	/home/cs3612/qemu/mem/mem-solaris10-10
12	14477	883	2	1024	16	384	232	60.42	11.91	232	/home/cs3612/qemu/mem/mem-winxp
15	14974	952	2	1024	13	421	277	65.80	15.18	277	/home/cs3612/qemu/mem/mem-winxpsp2-b
15	15183	851	2	1024	14	423	282	66.67	14.76	282	/home/cs3612/qemu/mem/mem-winxpsp3-a
24	21903	2310	1	1024	5	807	453	56.13	7.09	453	/home/cs3612/qemu/mem/mem-winvista
18	33094	2011	2	280	1	280	178	63.57	5.75	178	/home/cs3612/qemu/mem/mem-win7-b
20	14460	1028	2	1024	9	659	374	56.75	13.08	374	/home/cs3612/qemu/mem/mem-win2003
19	14923	1108	2	1024	6	563	342	60.75	12.66	342	/home/cs3612/qemu/mem/mem-win2003sp2
20	27447	1804	1	1024	9	849	542	63.84	7.71	542	/home/cs3612/qemu/mem/mem-win2008
21	36403	1969	1	1024	6	856	536	62.62	7.81	536	/home/cs3612/qemu/mem/mem-win2008sp2
27	9014	369	1	3072	5	1758	1001	56.94	8.87	1001	/home/cs3612/qemu/mem/mem-freebsd7.4
20	9005	350	1	3072	2	2959	1122	37.92	8.66	1122	/home/cs3612/qemu/mem/mem-freebsd8.0
27	10199	360	1	3072	2	2956	1143	38.67	8.90	1143	/home/cs3612/qemu/mem/mem-freebsd8.2
18	10465	412	1	4096	2	3966	1187	29.93	9.15	1187	/home/cs3612/qemu/mem/mem-freebsd8.3
21	10134	360	1	4096	3	2281	1318	57.78	8.64	1318	/home/cs3612/qemu/mem/mem-freebsd9
20	7667	187	1	1634	4	1631	1163	71.31	16.41	1163	/home/cs3612/qemu/mem/mem-openbsd4.7
12	9195	833	1	1936	3	1934	1258	65.05	11.22	1258	/home/cs3612/qemu/mem/mem-openbsd4.8
8	9245	834	1	1973	3	1971	1291	65.50	11.00	1291	/home/cs3612/qemu/mem/mem-openbsd4.9
11	10098	1106	1	1588	4	1585	1290	81.39	11.36	1290	/home/cs3612/qemu/mem/mem-openbsd5
7	10891	1195	1	1596	3	1593	1293	81.17	11.00	1293	/home/cs3612/qemu/mem/mem-openbsd5.1
16	7143	225	1	2006	3	1995	1069	53.58	7.81	1069	/home/cs3612/qemu/mem/mem-netbsd4.0
11	7079	220	1	2006	3	1995	1048	52.53	7.58	1048	/home/cs3612/qemu/mem/mem-netbsd4.0.1
13	8081	213	1	2048	11	1792	1148	64.06	8.43	1148	/home/cs3612/qemu/mem/mem-netbsd5.0
11	8024	212	1	2048	11	1792	1147	64.01	8.28	1147	/home/cs3612/qemu/mem/mem-netbsd5.0.1
13	8097	211	1	2048	13	1779	1138	63.97	8.45	1138	/home/cs3612/qemu/mem/mem-netbsd5.0.2
11	8808	210	1	2048	8	1792	1182	65.96	8.28	1182	/home/cs3612/qemu/mem/mem-netbsd5.1
13	8182	210	1	2048	9	1792	1183	66.02	8.28	1183	/home/cs3612/qemu/mem/mem-netbsd5.1.2
82	131551	69	1	812	2	811	526	64.86	9.48	526	/home/cs3612/qemu/mem/mem-2.6.26
77	131555	72	1	845	2	844	548	64.93	9.57	548	/home/cs3612/qemu/mem/mem-2.6.27
77	131842	109	1	885	2	884	575	65.05	9.78	575	/home/cs3612/qemu/mem/mem-2.6.28
77	131278	31	1	1229	11	971	880	90.63	10.79	880	/home/cs3612/qemu/mem/mem-2.6.28.1
74	131278	31	1	1230	12	971	874	90.01	11.07	874	/home/cs3612/qemu/mem/mem-2.6.28.2
79	131678	106	1	908	2	907	597	65.82	9.76	597	/home/cs3612/qemu/mem/mem-2.6.29
79	137360	190	1	934	3	670	606	90.45	9.98	606	/home/cs3612/qemu/mem/mem-2.6.30
84	131263	26	1	1545	3	1098	976	88.89	10.99	976	/home/cs3612/qemu/mem/mem-2.6.31
85	131256	26	1	1589	2	1588	1005	63.29	11.33	1005	/home/cs3612/qemu/mem/mem-2.6.32.27
87	131241	28	1	1606	3	1152	1039	90.19	11.23	1039	/home/cs3612/qemu/mem/mem-2.6.33
83	131243	28	1	1617	2	1616	1043	64.54	11.19	1043	/home/cs3612/qemu/mem/mem-2.6.34
96	131245	28	1	1640	3	1175	1056	89.87	11.35	1056	/home/cs3612/qemu/mem/mem-2.6.35
99	131244	28	1	1641	3	1183	1071	90.53	11.15	1071	/home/cs3612/qemu/mem/mem-2.6.36
78	131227	36	1	1024	1	1023	926	90.52	11.29	926	/home/cs3612/qemu/mem/mem-2.6.36.1
78	98459	36	1	1024	1	1023	925	90.42	11.17	925	/home/cs3612/qemu/mem/mem-2.6.36.2
76	98459	36	1	1024	1	1023	930	90.91	11.15	930	/home/cs3612/qemu/mem/mem-2.6.36.3
81	98459	36	1	1024	1	1023	929	90.81	11.11	929	/home/cs3612/qemu/mem/mem-2.6.36.4
58	131354	149	2	1024	1	1023	975	95.31	15.55	975	/home/cs3612/qemu/mem/mem-3.0.0
73	131335	183	2	1024	1	1023	918	89.74	12.33	918	/home/cs3612/qemu/mem/mem-3.0.4
102	25652	2230	1	2048	44	498	393	78.92	14.00	393	/home/cs3612/qemu/mem/mem-solaris10-10
12	14477	883	2	1024	16	384	232	60.42	11.91	232	/home/cs3612/qemu/mem/mem-winxp
15	14974	952	2	1024	13	421	277	65.80	15.18	277	/home/cs3612/qemu/mem/mem-winxpsp2-b
15	15183	851	2	1024	14	423	282	66.67	14.76	282	/home/cs3612/qemu/mem/mem-winxpsp3-a
24	21903	2310	1	1024	5	807	453	56.13	7.09	453	/home/cs3612/qemu/mem/mem-winvista
18	33094	2011	2	280	1	280	178	63.57	5.75	178	/home/cs3612/qemu/mem/mem-win7-b
20	14460	1028	2	1024	9	659	374	56.75	13.08	374	/home/cs3612/qemu/mem/mem-win2003
19	14923	1108	2	1024	6	563	342	60.75	12.66	342	/home/cs3612/qemu/mem/mem-win2003sp2
20	27447	1804	1	1024	9	849	542	63.84	7.71	542	/home/cs3612/qemu/mem/mem-win2008
21	36403	1969	1	1024	6	856	536	62.62	7.81	536	/home/cs3612/qemu/mem/mem-win2008sp2
27	9014	369	1	3072	5	1758	1001	56.94	8.87	1001	/home/cs3612/qemu/mem/mem-freebsd7.4
20	9005	350	1	3072	2	2959	1122	37.92	8.66	1122	/home/cs3612/qemu/mem/mem-freebsd8.0
27	10199	360	1	3072	2	2956	1143	38.67	8.90	1143	/home/cs3612/qemu/mem/mem-freebsd8.2
18	10465	412	1	4096	2	3966	1187	29.93	9.15	1187	/home/cs3612/qemu/mem/mem-freebsd8.3
21	10134	360	1	4096	3	2281	1318	57.78	8.64	1318	/home/cs3612/qemu/mem/mem-freebsd9
20	7667	187	1	1634	4	1631	1163	71.31	16.41	1163	/home/cs3612/qemu/mem/mem-openbsd4.7
12	9195	833	1	1936	3	1934	1258	65.05	11.22	1258	/home/cs3612/qemu/mem/mem-openbsd4.8
8	9245	834	1	1973	3	1971	1291	65.50	11.00	1291	/home/cs3612/qemu/mem/mem-openbsd4.9
11	10098	1106	1	1588	4	1585	1290	81.39	11.36	1290	/home/cs3612/qemu/mem/mem-openbsd5
7	10891	1195	1	1596	3	1593	1293	81.17	11.00	1293	/home/cs3612/qemu/mem/mem-openbsd5.1
16	7143	225	1	2006	3	1995	1069	53.58	7.81	1069	/home/cs3612/qemu/mem/mem-netbsd4.0
11	7079	220	1	2006	3	1995	1048	52.53	7.58	1048	/home/cs3612/qemu/mem/mem-netbsd4.0.1
13	8081	213	1	2048	11	1792	1148	64.06	8.43	1148	/home/cs3612/qemu/mem/mem-netbsd5.0
11	8024	212	1	2048	11	1792	1147	64.01	8.28	1147	/home/cs3612/qemu/mem/mem-netbsd5.0.1
13	8097	211	1	2048	13	1779	1138	63.97	8.45	1138	/home/cs3612/qemu/mem/mem-netbsd5.0.2
11	8808	210	1	2048	8	1792	1182	65.96	8.28	1182	/home/cs3612/qemu/mem/mem-netbsd5.1
13	8182	210	1	2048	9	1792	1183	66.02	8.28	1183	/home/cs3612/qemu/mem/mem-netbsd5.1.2
82	131551	69	1	812	2	811	526	64.86	9.48	526	/home/cs3612/qemu/mem/mem-2.6.26
77	131555	72	1	845	2	844	548	64.93	9.57	548	/home/cs3612/qemu/mem/mem-2.6.27
77	131842	109	1	885	2	884	575	65.05	9.78	575	/home/cs3612/qemu/mem/mem-2.6.28
77	131278	31	1	1229	11	971	880	90.63	10.79	880	/home/cs3612/qemu/mem/mem-2.6.28.1
74	131278	31	1	1230	12	971	874	90.01	11.07	874	/home/cs3612/qemu/mem/mem-2.6.28.2
79	131678	106	1	908	2	907	597	65.82	9.76	597	/home/cs3612/qemu/mem/mem-2.6.29
79	137360	190	1	934	3	670	606	90.45	9.98	606	/home/cs3612/qemu/mem/mem-2.6.30
84	131263	26	1	1545	3	1098	976	88.89	10.99	976	/home/cs3612/qemu/mem/mem-2.6.31
85	131256	26	1	1589	2	1588	1005	63.29	11.33	1005	/home/cs3612/qemu/mem/mem-2.6.32.27
87	131241	28	1	1606	3	1152	1039	90.19	11.23	1039	/home/cs3612/qemu/mem/mem-2.6.33
83	131243	28	1	1617	2	1616	1043	64.54	11.19	1043	/home/cs3612/qemu/mem/mem-2.6.34
96	131245	28	1	1640	3	1175	1056	89.87	11.35	1056	/home/cs3612/qemu/mem/mem-2.6.35
99	131244	28	1	1641	3	1183	1071	90.53	11.15	1071	/home/cs3612/qemu/mem/mem-2.6.36
78	131227	36	1	1024	1	1023	926	90.52	11.29	926	/home/cs3612/qemu/mem/mem-2.6.36.1
78	98459	36	1	1024	1	1023	925	90.42	11.17	925	/home/cs3612/qemu/mem/mem-2.6.36.2
76	98459	36	1	1024	1	1023	930	90.91	11.15	930	/home/cs3612/qemu/mem/mem-2.6.36.3
81	98459	36	1	1024	1	1023	929	90.81	11.11	929	/home/cs3612/qemu/mem/mem-2.6.36.4
58	131354	149	2	1024	1	1023	975	95.31	15.55	975	/home/cs3612/qemu/mem/mem-3.0.0
73	131335	183	2	1024	1	1023	918	89.74	12.33	918	/home/cs3612/qemu/mem/mem-3.0.4
102	25652	2230	1	2048	44	498	393	78.92	14.00	393	/home/cs3612/qemu/mem/mem-solaris10-10
12	14477	883	2	1024	16	384	232	60.42	11.91	232	/home/cs3612/qemu/mem/mem-winxp
15	14974	952	2	1024	13	421	277	65.80	15.18	277	/home/cs3612/qemu/mem/mem-winxpsp2-b
15	15183	851	2	1024	14	423	282	66.67	14.76	282	/home/cs3612/qemu/mem/mem-winxpsp3-a
24	21903	2310	1	1024	5	807	453	56.13	7.09	453	/home/cs3612/qemu/mem/mem-winvista
18	33094	2011	2	280	1	280	178	63.57	5.75	178	/home/cs3612/qemu/mem/mem-win7-b
20	14460	1028	2	1024	9	659	374	56.75	13.08	374	/home/cs3612/qemu/mem/mem-win2003
19	14923	1108	2	1024	6	563	342	60.75	12.66	342	/home/cs3612/qemu/mem/mem-win2003sp2
20	27447	1804	1	1024	9	849	542	63.84	7.71	542	/home/cs3612/qemu/mem/mem-win2008
21	36403	1969	1	1024	6	856	536	62.62	7.81	536	/home/cs3612/qemu/mem/mem-win2008sp2
27	9014	369	1	3072	5	1758	1001	56.94	8.87	1001	/home/cs3612/qemu/mem/mem-freebsd7.4
20	9005	350	1	3072	2	2959	1122	37.92	8.66	1122	/home/cs3612/qemu/mem/mem-freebsd8.0
27	10199	360	1	3072	2	2956	1143	38.67	8.90	1143	/home/cs3612/qemu/mem/mem-freebsd8.2
18	10465	412	1	4096	2	3966	1187	29.93	9.15	1187	/home/cs3612/qemu/mem/mem-freebsd8.3
21	10134	360	1	4096	3	2281	1318	57.78	8.64	1318	/home/cs3612/qemu/mem/mem-freebsd9
20	7667	187	1	1634	4	1631	1163	71.31	16.41	1163	/home/cs3612/qemu/mem/mem-openbsd4.7
12	9195	833	1	1936	3	1934	1258	65.05	11.22	1258	/home/cs3612/qemu/mem/mem-openbsd4.8
8	9245	834	1	1973	3	1971	1291	65.50	11.00	1291	/home/cs3612/qemu/mem/mem-openbsd4.9
11	10098	1106	1	1588	4	1585	1290	81.39	11.36	1290	/home/cs3612/qemu/mem/mem-openbsd5
7	10891	1195	1	1596	3	1593	1293	81.17	11.00	1293	/home/cs3612/qemu/mem/mem-openbsd5.1
16	7143	225	1	2006	3	1995	1069	53.58	7.81	1069	/home/cs3612/qemu/mem/mem-netbsd4.0
11	7079	220	1	2006	3	1995	1048	52.53	7.58	1048	/home/cs3612/qemu/mem/mem-netbsd4.0.1
13	8081	213	1	2048	11	1792	1148	64.06	8.43	1148	/home/cs3612/qemu/mem/mem-netbsd5.0
11	8024	212	1	2048	11	1792	1147	64.01	8.28	1147	/home/cs3612/qemu/mem/mem-netbsd5.0.1
13	8097	211	1	2048	13	1779	1138	63.97	8.45	1138	/home/cs3612/qemu/mem/mem-netbsd5.0.2
11	8808	210	1	2048	8	1792	1182	65.96	8.28	1182	/home/cs3612/qemu/mem/mem-netbsd5.1
13	8182	210	1	2048	9	1792	1183	66.02	8.28	1183	/home/cs3612/qemu/mem/mem-netbsd5.1.2
82	131551	69	1	812	2	811	526	64.86	9.48	526	/home/cs3612/qemu/mem/mem-2.6.26
77	131555	72	1	845	2	844	548	64.93	9.57	548	/home/cs3612/qemu/mem/mem-2.6.27
77	131842	109	1	885	2	884	575	65.05	9.78	575	/home/cs3612/qemu/mem/mem-2.6.28
77	131278	31	1	1229	11	971	880	90.63	10.79	880	/home/cs3612/qemu/mem/mem-2.6.28.1
74	131278	31	1	1230	12	971	874	90.01	11.07	874	/home/cs3612/qemu/mem/mem-2.6.28.2
79	131678	106	1	908	2	907	597	65.82	9.76	597	/home/cs3612/qemu/mem/mem-2.6.29
79	137360	190	1	934	3	670	606	90.45	9.98	606	/home/cs3612/qemu/mem/mem-2.6.30
84	131263	26	1	1545	3	1098	976	88.89	10.99	976	/home/cs3612/qemu/mem/mem-2.6.31
85	131256	26	1	1589	2	1588	1005	63.29	11.33	1005	/home/cs3612/qemu/mem/mem-2.6.32.27
87	131241	28	1	1606	3	1152	1039	90.19	11.23	1039	/home/cs3612/qemu/mem/mem-2.6.33
83	131243	28	1	1617	2	1616	1043	64.54	11.19	1043	/home/cs3612/qemu/mem/mem-2.6.34
96	131245	28	1	1640	3	1175	1056	89.87	11.35	1056	/home/cs3612/qemu/mem/mem-2.6.35
99	131244	28	1	1641	3	1183	1071	90.53	11.15	1071	/home/cs3612/qemu/mem/mem-2.6.36
78	131227	36	1	1024	1	1023	926	90.52	11.29	926	/home/cs3612/qemu/mem/mem-2.6.36.1
78	98459	36	1	1024	1	1023	925	90.42	11.17	925	/home/cs3612/qemu/mem/mem-2.6.36.2
76	98459	36	1	1024	1	1023	930	90.91	11.15	930	/home/cs3612/qemu/mem/mem-2.6.36.3
81	98459	36	1	1024	1	1023	929	90.81	11.11	929	/home/cs3612/qemu/mem/mem-2.6.36.4
58	131354	149	2	1024	1	1023	975	95.31	15.55	975	/home/cs3612/qemu/mem/mem-3.0.0
73	131335	183	2	1024	1	1023	918	89.74	12.33	918	/home/cs3612/qemu/mem/mem-3.0.4
102	25652	2230	1	2048	44	498	393	78.92	14.00	393	/home/cs3612/qemu/mem/mem-solaris10-10
12	14477	883	2	1024	16	384	232	60.42	11.91	232	/home/cs3612/qemu/mem/mem-winxp
15	14974	952	2	1024	13	421	277	65.80	15.18	277	/home/cs3612/qemu/mem/mem-winxpsp2-b
15	15183	851	2	1024	14	423	282	66.67	14.76	282	/home/cs3612/qemu/mem/mem-winxpsp3-a
24	21903	2310	1	1024	5	807	453	56.13	7.09	453	/home/cs3612/qemu/mem/mem-winvista
18	33094	2011	2	280	1	280	178	63.57	5.75	178	/home/cs3612/qemu/mem/mem-win7-b
20	14460	1028	2	1024	9	659	374	56.75	13.08	374	/home/cs3612/qemu/mem/mem-win2003
19	14923	1108	2	1024	6	563	342	60.75	12.66	342	/home/cs3612/qemu/mem/mem-win2003sp2
20	27447	1804	1	1024	9	849	542	63.84	7.71	542	/home/cs3612/qemu/mem/mem-win2008
21	36403	1969	1	1024	6	856	536	62.62	7.81	536	/home/cs3612/qemu/mem/mem-win2008sp2
27	9014	369	1	3072	5	1758	1001	56.94	8.87	1001	/home/cs3612/qemu/mem/mem-freebsd7.4
20	9005	350	1	3072	2	2959	1122	37.92	8.66	1122	/home/cs3612/qemu/mem/mem-freebsd8.0
27	10199	360	1	3072	2	2956	1143	38.67	8.90	1143	/home/cs3612/qemu/mem/mem-freebsd8.2
18	10465	412	1	4096	2	3966	1187	29.93	9.15	1187	/home/cs3612/qemu/mem/mem-freebsd8.3
21	10134	360	1	4096	3	2281	1318	57.78	8.64	1318	/home/cs3612/qemu/mem/mem-freebsd9
20	7667	187	1	1634	4	1631	1163	71.31	16.41	1163	/home/cs3612/qemu/mem/mem-openbsd4.7
12	9195	833	1	1936	3	1934	1258	65.05	11.22	1258	/home/cs3612/qemu/mem/mem-openbsd4.8
8	9245	834	1	1973	3	1971	1291	65.50	11.00	1291	/home/cs3612/qemu/mem/mem-openbsd4.9
11	10098	1106	1	1588	4	1585	1290	81.39	11.36	1290	/home/cs3612/qemu/mem/mem-openbsd5
7	10891	1195	1	1596	3	1593	1293	81.17	11.00	1293	/home/cs3612/qemu/mem/mem-openbsd5.1
16	7143	225	1	2006	3	1995	1069	53.58	7.81	1069	/home/cs3612/qemu/mem/mem-netbsd4.0
11	7079	220	1	2006	3	1995	1048	52.53	7.58	1048	/home/cs3612/qemu/mem/mem-netbsd4.0.1
13	8081	213	1	2048	11	1792	1148	64.06	8.43	1148	/home/cs3612/qemu/mem/mem-netbsd5.0
11	8024	212	1	2048	11	1792	1147	64.01	8.28	1147	/home/cs3612/qemu/mem/mem-netbsd5.0.1
13	8097	211	1	2048	13	1779	1138	63.97	8.45	1138	/home/cs3612/qemu/mem/mem-netbsd5.0.2
11	8808	210	1	2048	8	1792	1182	65.96	8.28	1182	/home/cs3612/qemu/mem/mem-netbsd5.1
13	8182	210	1	2048	9	1792	1183	66.02	8.28	1183	/home/cs3612/qemu/mem/mem-netbsd5.1.2
82	131551	69	1	812	2	811	526	64.86	9.48	526	/home/cs3612/qemu/mem/mem-2.6.26
77	131555	72	1	845	2	844	548	64.93	9.57	548	/home/cs3612/qemu/mem/mem-2.6.27
77	131842	109	1	885	2	884	575	65.05	9.78	575	/home/cs3612/qemu/mem/mem-2.6.28
77	131278	31	1	1229	11	971	880	90.63	10.79	880	/home/cs3612/qemu/mem/mem-2.6.28.1
74	131278	31	1	1230	12	971	874	90.01	11.07	874	/home/cs3612/qemu/mem/mem-2.6.28.2
79	131678	106	1	908	2	907	597	65.82	9.76	597	/home/cs3612/qemu/mem/mem-2.6.29
79	137360	190	1	934	3	670	606	90.45	9.98	606	/home/cs3612/qemu/mem/mem-2.6.30
84	131263	26	1	1545	3	1098	976	88.89	10.99	976	/home/cs3612/qemu/mem/mem-2.6.31
85	131256	26	1	1589	2	1588	1005	63.29	11.33	1005	/home/cs3612/qemu/mem/mem-2.6.32.27
87	131241	28	1	1606	3	1152	1039	90.19	11.23	1039	/home/cs3612/qemu/mem/mem-2.6.33
83	131243	28	1	1617	2	1616	1043	64.54	11.19	1043	/home/cs3612/qemu/mem/mem-2.6.34
96	131245	28	1	1640	3	1175	1056	89.87	11.35	1056	/home/cs3612/qemu/mem/mem-2.6.35
99	131244	28	1	1641	3	1183	1071	90.53	11.15	1071	/home/cs3612/qemu/mem/mem-2.6.36
78	131227	36	1	1024	1	1023	926	90.52	11.29	926	/home/cs3612/qemu/mem/mem-2.6.36.1
78	98459	36	1	1024	1	1023	925	90.42	11.17	925	/home/cs3612/qemu/mem/mem-2.6.36.2
76	98459	36	1	1024	1	1023	930	90.91	11.15	930	/home/cs3612/qemu/mem/mem-2.6.36.3
81	98459	36	1	1024	1	1023	929	90.81	11.11	929	/home/cs3612/qemu/mem/mem-2.6.36.4
58	131354	149	2	1024	1	1023	975	95.31	15.55	975	/home/cs3612/qemu/mem/mem-3.0.0
73	131335	183	2	1024	1	1023	918	89.74	12.33	918	/home/cs3612/qemu/mem/mem-3.0.4
102	25652	2230	1	2048	44	498	393	78.92	14.00	393	/home/cs3612/qemu/mem/mem-solaris10-10
16	7143	225	1	2006	3	1995	1069	53.58	7.81	1069	/home/cs3612/qemu/mem/mem-netbsd4.0
16	7143	225	1	2006	3	1995	1069	53.58	7.81	1069	/home/cs3612/qemu/mem/mem-netbsd4.0
16	7143	225	1	2006	3	1995	1069	53.58	7.81	1069	/home/cs3612/qemu/mem/mem-netbsd4.0
16	7143	225	1	2006	3	1995	1069	53.58	7.81	1069	/home/cs3612/qemu/mem/mem-netbsd4.0
16	7143	225	1	2006	3	1995	1069	53.58	7.81	1069	/home/cs3612/qemu/mem/mem-netbsd4.0
11	7079	220	1	2006	3	1995	1048	52.53	7.58	1048	/home/cs3612/qemu/mem/mem-netbsd4.0.1
13	8081	213	1	2048	11	1792	1148	64.06	8.43	1148	/home/cs3612/qemu/mem/mem-netbsd5.0
11	8024	212	1	2048	11	1792	1147	64.01	8.28	1147	/home/cs3612/qemu/mem/mem-netbsd5.0.1
13	8097	211	1	2048	13	1779	1138	63.97	8.45	1138	/home/cs3612/qemu/mem/mem-netbsd5.0.2
11	8808	210	1	2048	8	1792	1182	65.96	8.28	1182	/home/cs3612/qemu/mem/mem-netbsd5.1
13	8182	210	1	2048	9	1792	1183	66.02	8.28	1183	/home/cs3612/qemu/mem/mem-netbsd5.1.2
12	14477	883	2	1024	16	384	232	60.42	11.91	232	/home/cs3612/qemu/mem/mem-winxp
15	14974	952	2	1024	13	421	277	65.80	15.18	277	/home/cs3612/qemu/mem/mem-winxpsp2-b
15	15183	851	2	1024	14	423	282	66.67	14.76	282	/home/cs3612/qemu/mem/mem-winxpsp3-a
24	21903	2310	1	1024	5	807	453	56.13	7.09	453	/home/cs3612/qemu/mem/mem-winvista
18	33094	2011	2	280	1	280	178	63.57	5.75	178	/home/cs3612/qemu/mem/mem-win7-b
20	14460	1028	2	1024	9	659	374	56.75	13.08	374	/home/cs3612/qemu/mem/mem-win2003
19	14923	1108	2	1024	6	563	342	60.75	12.66	342	/home/cs3612/qemu/mem/mem-win2003sp2
20	27447	1804	1	1024	9	849	542	63.84	7.71	542	/home/cs3612/qemu/mem/mem-win2008
21	36403	1969	1	1024	6	856	536	62.62	7.81	536	/home/cs3612/qemu/mem/mem-win2008sp2
27	9014	369	1	3072	5	1758	1001	56.94	8.87	1001	/home/cs3612/qemu/mem/mem-freebsd7.4
20	9005	350	1	3072	2	2959	1122	37.92	8.66	1122	/home/cs3612/qemu/mem/mem-freebsd8.0
27	10199	360	1	3072	2	2956	1143	38.67	8.90	1143	/home/cs3612/qemu/mem/mem-freebsd8.2
18	10465	412	1	4096	2	3966	1187	29.93	9.15	1187	/home/cs3612/qemu/mem/mem-freebsd8.3
21	10134	360	1	4096	3	2281	1318	57.78	8.64	1318	/home/cs3612/qemu/mem/mem-freebsd9
20	7667	187	1	1634	4	1631	1163	71.31	16.41	1163	/home/cs3612/qemu/mem/mem-openbsd4.7
12	9195	833	1	1936	3	1934	1258	65.05	11.22	1258	/home/cs3612/qemu/mem/mem-openbsd4.8
8	9245	834	1	1973	3	1971	1291	65.50	11.00	1291	/home/cs3612/qemu/mem/mem-openbsd4.9
11	10098	1106	1	1588	4	1585	1290	81.39	11.36	1290	/home/cs3612/qemu/mem/mem-openbsd5
7	10891	1195	1	1596	3	1593	1293	81.17	11.00	1293	/home/cs3612/qemu/mem/mem-openbsd5.1
16	7143	225	1	2006	3	1995	1069	53.58	7.81	1069	/home/cs3612/qemu/mem/mem-netbsd4.0
11	7079	220	1	2006	3	1995	1048	52.53	7.58	1048	/home/cs3612/qemu/mem/mem-netbsd4.0.1
13	8081	213	1	2048	11	1792	1148	64.06	8.43	1148	/home/cs3612/qemu/mem/mem-netbsd5.0
11	8024	212	1	2048	11	1792	1147	64.01	8.28	1147	/home/cs3612/qemu/mem/mem-netbsd5.0.1
13	8097	211	1	2048	13	1779	1138	63.97	8.45	1138	/home/cs3612/qemu/mem/mem-netbsd5.0.2
11	8808	210	1	2048	8	1792	1182	65.96	8.28	1182	/home/cs3612/qemu/mem/mem-netbsd5.1
13	8182	210	1	2048	9	1792	1183	66.02	8.28	1183	/home/cs3612/qemu/mem/mem-netbsd5.1.2
82	131551	69	1	812	2	811	526	64.86	9.48	526	/home/cs3612/qemu/mem/mem-2.6.26
77	131555	72	1	845	2	844	548	64.93	9.57	548	/home/cs3612/qemu/mem/mem-2.6.27
77	131842	109	1	885	2	884	575	65.05	9.78	575	/home/cs3612/qemu/mem/mem-2.6.28
77	131278	31	1	1229	11	971	880	90.63	10.79	880	/home/cs3612/qemu/mem/mem-2.6.28.1
74	131278	31	1	1230	12	971	874	90.01	11.07	874	/home/cs3612/qemu/mem/mem-2.6.28.2
79	131678	106	1	908	2	907	597	65.82	9.76	597	/home/cs3612/qemu/mem/mem-2.6.29
79	137360	190	1	934	3	670	606	90.45	9.98	606	/home/cs3612/qemu/mem/mem-2.6.30
84	131263	26	1	1545	3	1098	976	88.89	10.99	976	/home/cs3612/qemu/mem/mem-2.6.31
85	131256	26	1	1589	2	1588	1005	63.29	11.33	1005	/home/cs3612/qemu/mem/mem-2.6.32.27
87	131241	28	1	1606	3	1152	1039	90.19	11.23	1039	/home/cs3612/qemu/mem/mem-2.6.33
83	131243	28	1	1617	2	1616	1043	64.54	11.19	1043	/home/cs3612/qemu/mem/mem-2.6.34
96	131245	28	1	1640	3	1175	1056	89.87	11.35	1056	/home/cs3612/qemu/mem/mem-2.6.35
99	131244	28	1	1641	3	1183	1071	90.53	11.15	1071	/home/cs3612/qemu/mem/mem-2.6.36
78	131227	36	1	1024	1	1023	926	90.52	11.29	926	/home/cs3612/qemu/mem/mem-2.6.36.1
78	98459	36	1	1024	1	1023	925	90.42	11.17	925	/home/cs3612/qemu/mem/mem-2.6.36.2
76	98459	36	1	1024	1	1023	930	90.91	11.15	930	/home/cs3612/qemu/mem/mem-2.6.36.3
81	98459	36	1	1024	1	1023	929	90.81	11.11	929	/home/cs3612/qemu/mem/mem-2.6.36.4
58	131354	149	2	1024	1	1023	975	95.31	15.55	975	/home/cs3612/qemu/mem/mem-3.0.0
73	131335	183	2	1024	1	1023	918	89.74	12.33	918	/home/cs3612/qemu/mem/mem-3.0.4
102	25652	2230	1	2048	44	498	393	78.92	14.00	393	/home/cs3612/qemu/mem/mem-solaris10-10
20	9005	350	7	3072	2	2959	1122	37.92	8.66	1122	/home/cs3612/qemu/mem/mem-freebsd8.0
20	9005	350	7	3072	2	2959	1122	37.92	8.66	1122	/home/cs3612/qemu/mem/mem-freebsd8.0
12	-142422016	883	20	1966	3	101	0	0.00	-nan	0	/home/cs3612/qemu/mem/mem-winxp
20	9005	350	7	3072	2	2959	1122	37.92	8.66	1122	/home/cs3612/qemu/mem/mem-freebsd8.0
27	10199	360	10	3072	2	2956	1143	38.67	8.90	1143	/home/cs3612/qemu/mem/mem-freebsd8.2
18	10465	412	13	4096	2	3966	1187	29.93	9.15	1187	/home/cs3612/qemu/mem/mem-freebsd8.3
21	10134	360	5	4096	3	2281	1318	57.78	8.64	1318	/home/cs3612/qemu/mem/mem-freebsd9
20	7667	187	9	1634	4	1631	1163	71.31	16.41	1163	/home/cs3612/qemu/mem/mem-openbsd4.7
12	-647495680	833	25	1936	3	1934	1258	65.05	11.22	1258	/home/cs3612/qemu/mem/mem-openbsd4.8
8	-647344128	834	28	1973	3	1971	1291	65.50	11.00	1291	/home/cs3612/qemu/mem/mem-openbsd4.9
11	10098	1106	23	1588	4	1585	1290	81.39	11.36	1290	/home/cs3612/qemu/mem/mem-openbsd5
16	7143	225	10	2006	3	1995	1069	53.58	7.81	1069	/home/cs3612/qemu/mem/mem-netbsd4.0
11	7079	220	12	2006	3	1995	1048	52.53	7.58	1048	/home/cs3612/qemu/mem/mem-netbsd4.0.1
13	-879665152	213	9	2048	11	1792	1148	64.06	8.43	1148	/home/cs3612/qemu/mem/mem-netbsd5.0
11	-880328704	212	8	2048	11	1792	1147	64.01	8.28	1147	/home/cs3612/qemu/mem/mem-netbsd5.0.1
13	-879730688	211	8	2048	13	1779	1138	63.97	8.45	1138	/home/cs3612/qemu/mem/mem-netbsd5.0.2
11	8808	210	9	2048	8	1792	1182	65.96	8.28	1182	/home/cs3612/qemu/mem/mem-netbsd5.1
13	8182	210	9	2048	9	1792	1183	66.02	8.28	1183	/home/cs3612/qemu/mem/mem-netbsd5.1.2
27	9014	369	1	3072	5	1758	1001	56.94	8.87	1001	/home/cs3612/qemu/mem/mem-freebsd7.4
20	9005	350	1	3072	2	2959	1122	37.92	8.66	1122	/home/cs3612/qemu/mem/mem-freebsd8.0
20	14460	1028	12	1024	9	659	374	56.75	13.08	374	/home/cs3612/qemu/mem/mem-win2003
19	14923	1108	16	1024	6	563	342	60.75	12.66	342	/home/cs3612/qemu/mem/mem-win2003sp2
27	9014	369	6	3072	5	1758	1001	56.94	8.87	1001	/home/cs3612/qemu/mem/mem-freebsd7.4
20	9005	350	3	3072	2	2959	1122	37.92	8.66	1122	/home/cs3612/qemu/mem/mem-freebsd8.0
27	10199	360	3	3072	2	2956	1143	38.67	8.90	1143	/home/cs3612/qemu/mem/mem-freebsd8.2
18	10465	412	4	4096	2	3966	1187	29.93	9.15	1187	/home/cs3612/qemu/mem/mem-freebsd8.3
21	10134	360	2	4096	3	2281	1318	57.78	8.64	1318	/home/cs3612/qemu/mem/mem-freebsd9
20	7667	187	6	1634	4	1631	1163	71.31	16.41	1163	/home/cs3612/qemu/mem/mem-openbsd4.7
12	9195	833	11	1936	3	1934	1258	65.05	11.22	1258	/home/cs3612/qemu/mem/mem-openbsd4.8
8	9245	834	20	1973	3	1971	1291	65.50	11.00	1291	/home/cs3612/qemu/mem/mem-openbsd4.9
11	10098	1106	9	1588	4	1585	1290	81.39	11.36	1290	/home/cs3612/qemu/mem/mem-openbsd5
7	10891	1195	25	1596	3	1593	1293	81.17	11.00	1293	/home/cs3612/qemu/mem/mem-openbsd5.1
16	7143	225	6	2006	3	1995	1069	53.58	7.81	1069	/home/cs3612/qemu/mem/mem-netbsd4.0
11	7079	220	8	2006	3	1995	1048	52.53	7.58	1048	/home/cs3612/qemu/mem/mem-netbsd4.0.1
13	8081	213	7	2048	11	1792	1148	64.06	8.43	1148	/home/cs3612/qemu/mem/mem-netbsd5.0
11	8024	212	8	2048	11	1792	1147	64.01	8.28	1147	/home/cs3612/qemu/mem/mem-netbsd5.0.1
13	8097	211	7	2048	13	1779	1138	63.97	8.45	1138	/home/cs3612/qemu/mem/mem-netbsd5.0.2
11	8808	210	7	2048	8	1792	1182	65.96	8.28	1182	/home/cs3612/qemu/mem/mem-netbsd5.1
13	8182	210	6	2048	9	1792	1183	66.02	8.28	1183	/home/cs3612/qemu/mem/mem-netbsd5.1.2
19	14923	1108	16	1024	6	563	342	60.75	12.66	342	/home/cs3612/qemu/mem/mem-win2003sp2
27	9014	369	5	3072	5	1758	1001	56.94	8.87	1001	/home/cs3612/qemu/mem/mem-freebsd7.4
20	9005	350	3	3072	2	2959	1122	37.92	8.66	1122	/home/cs3612/qemu/mem/mem-freebsd8.0
27	10199	360	3	3072	2	2956	1143	38.67	8.90	1143	/home/cs3612/qemu/mem/mem-freebsd8.2
18	10465	412	4	4096	2	3966	1187	29.93	9.15	1187	/home/cs3612/qemu/mem/mem-freebsd8.3
21	10134	360	2	4096	3	2281	1318	57.78	8.64	1318	/home/cs3612/qemu/mem/mem-freebsd9
20	7667	187	6	1634	4	1631	1163	71.31	16.41	1163	/home/cs3612/qemu/mem/mem-openbsd4.7
12	9195	833	11	1936	3	1934	1258	65.05	11.22	1258	/home/cs3612/qemu/mem/mem-openbsd4.8
8	9245	834	19	1973	3	1971	1291	65.50	11.00	1291	/home/cs3612/qemu/mem/mem-openbsd4.9
11	10098	1106	8	1588	4	1585	1290	81.39	11.36	1290	/home/cs3612/qemu/mem/mem-openbsd5
7	10891	1195	25	1596	3	1593	1293	81.17	11.00	1293	/home/cs3612/qemu/mem/mem-openbsd5.1
16	7143	225	6	2006	3	1995	1069	53.58	7.81	1069	/home/cs3612/qemu/mem/mem-netbsd4.0
11	7079	220	7	2006	3	1995	1048	52.53	7.58	1048	/home/cs3612/qemu/mem/mem-netbsd4.0.1
13	8081	213	7	2048	11	1792	1148	64.06	8.43	1148	/home/cs3612/qemu/mem/mem-netbsd5.0
11	8024	212	8	2048	11	1792	1147	64.01	8.28	1147	/home/cs3612/qemu/mem/mem-netbsd5.0.1
13	8097	211	7	2048	13	1779	1138	63.97	8.45	1138	/home/cs3612/qemu/mem/mem-netbsd5.0.2
11	8808	210	6	2048	8	1792	1182	65.96	8.28	1182	/home/cs3612/qemu/mem/mem-netbsd5.1
13	8182	210	6	2048	9	1792	1183	66.02	8.28	1183	/home/cs3612/qemu/mem/mem-netbsd5.1.2
82	131551	69	1	812	2	811	811	100.00	6.15	811	/home/cs3612/qemu/mem/mem-2.6.26
82	131551	69	1	812	1	811	811	100.00	21.03	811	/home/cs3612/qemu/mem/mem-2.6.26
82	131551	69	1	812	1	811	811	100.00	21.03	811	/home/cs3612/qemu/mem/mem-2.6.26
82	131551	69	1	812	1	811	811	100.00	21.03	811	/home/cs3612/qemu/mem/mem-2.6.26
82	131551	69	1	812	1	811	811	100.00	21.03	811	/home/cs3612/qemu/mem/mem-2.6.26
12	14477	883	2	1024	15	384	384	100.00	16.24	384	/home/cs3612/qemu/mem/mem-winxp
15	14974	952	2	1024	12	421	421	100.00	24.32	421	/home/cs3612/qemu/mem/mem-winxpsp2-b
15	15183	851	2	1024	13	423	423	100.00	24.17	423	/home/cs3612/qemu/mem/mem-winxpsp3-a
24	21903	2310	1	1024	4	807	807	100.00	15.42	807	/home/cs3612/qemu/mem/mem-winvista
18	33094	2011	2	280	1	280	280	100.00	19.65	280	/home/cs3612/qemu/mem/mem-win7-b
20	14460	1028	2	1024	8	659	659	100.00	21.70	659	/home/cs3612/qemu/mem/mem-win2003
19	14923	1108	2	1024	5	563	563	100.00	23.28	563	/home/cs3612/qemu/mem/mem-win2003sp2
20	27447	1804	1	1024	8	849	849	100.00	16.28	849	/home/cs3612/qemu/mem/mem-win2008
21	36403	1969	1	1024	5	856	856	100.00	16.14	856	/home/cs3612/qemu/mem/mem-win2008sp2
27	9014	369	1	3072	4	1758	1758	100.00	24.67	1758	/home/cs3612/qemu/mem/mem-freebsd7.4
20	9005	350	1	3072	1	2959	2959	100.00	16.64	2959	/home/cs3612/qemu/mem/mem-freebsd8.0
27	10199	360	1	3072	1	2956	2956	100.00	17.13	2956	/home/cs3612/qemu/mem/mem-freebsd8.2
18	10465	412	1	4096	1	3966	3966	100.00	13.64	3966	/home/cs3612/qemu/mem/mem-freebsd8.3
21	10134	360	1	4096	2	2281	2281	100.00	25.63	2281	/home/cs3612/qemu/mem/mem-freebsd9
20	7667	187	1	1634	3	1631	1631	100.00	32.47	1631	/home/cs3612/qemu/mem/mem-openbsd4.7
12	9195	833	1	1936	2	1934	1934	100.00	26.22	1934	/home/cs3612/qemu/mem/mem-openbsd4.8
8	9245	834	1	1973	2	1971	1971	100.00	25.96	1971	/home/cs3612/qemu/mem/mem-openbsd4.9
11	10098	1106	1	1588	3	1585	1585	100.00	32.62	1585	/home/cs3612/qemu/mem/mem-openbsd5
7	10891	1195	1	1596	3	1593	1593	100.00	32.58	1593	/home/cs3612/qemu/mem/mem-openbsd5.1
16	7143	225	1	2006	2	1995	1995	100.00	18.07	1995	/home/cs3612/qemu/mem/mem-netbsd4.0
11	7079	220	1	2006	2	1995	1995	100.00	18.04	1995	/home/cs3612/qemu/mem/mem-netbsd4.0.1
13	8081	213	1	2048	10	1792	1792	100.00	23.34	1792	/home/cs3612/qemu/mem/mem-netbsd5.0
11	8024	212	1	2048	10	1792	1792	100.00	23.25	1792	/home/cs3612/qemu/mem/mem-netbsd5.0.1
13	8097	211	1	2048	12	1779	1779	100.00	23.48	1779	/home/cs3612/qemu/mem/mem-netbsd5.0.2
11	8808	210	1	2048	8	1792	1792	100.00	24.18	1792	/home/cs3612/qemu/mem/mem-netbsd5.1
13	8182	210	1	2048	9	1792	1792	100.00	24.03	1792	/home/cs3612/qemu/mem/mem-netbsd5.1.2
82	131551	69	1	812	1	811	811	100.00	21.03	811	/home/cs3612/qemu/mem/mem-2.6.26
77	131555	72	1	845	1	844	844	100.00	21.20	844	/home/cs3612/qemu/mem/mem-2.6.27
77	131842	109	1	885	1	884	884	100.00	21.06	884	/home/cs3612/qemu/mem/mem-2.6.28
77	131278	31	1	1229	11	971	971	100.00	35.26	971	/home/cs3612/qemu/mem/mem-2.6.28.1
74	131278	31	1	1230	11	971	971	100.00	35.41	971	/home/cs3612/qemu/mem/mem-2.6.28.2
79	131678	106	1	908	1	907	907	100.00	21.22	907	/home/cs3612/qemu/mem/mem-2.6.29
79	137360	190	1	934	2	670	670	100.00	29.48	670	/home/cs3612/qemu/mem/mem-2.6.30
84	131263	26	1	1545	2	1098	1098	100.00	35.86	1098	/home/cs3612/qemu/mem/mem-2.6.31
85	131256	26	1	1589	1	1588	1588	100.00	26.13	1588	/home/cs3612/qemu/mem/mem-2.6.32.27
87	131241	28	1	1606	2	1152	1152	100.00	36.24	1152	/home/cs3612/qemu/mem/mem-2.6.33
83	131243	28	1	1617	1	1616	1616	100.00	25.63	1616	/home/cs3612/qemu/mem/mem-2.6.34
96	131245	28	1	1640	2	1175	1175	100.00	35.45	1175	/home/cs3612/qemu/mem/mem-2.6.35
99	131244	28	1	1641	2	1183	1183	100.00	35.59	1183	/home/cs3612/qemu/mem/mem-2.6.36
78	131227	36	1	1024	1	1023	1023	100.00	36.42	1023	/home/cs3612/qemu/mem/mem-2.6.36.1
78	98459	36	1	1024	1	1023	1023	100.00	36.32	1023	/home/cs3612/qemu/mem/mem-2.6.36.2
76	98459	36	1	1024	1	1023	1023	100.00	36.27	1023	/home/cs3612/qemu/mem/mem-2.6.36.3
81	98459	36	1	1024	1	1023	1023	100.00	36.31	1023	/home/cs3612/qemu/mem/mem-2.6.36.4
58	131354	149	2	1024	1	1023	1023	100.00	43.72	1023	/home/cs3612/qemu/mem/mem-3.0.0
73	131335	183	2	1024	1	1023	1023	100.00	39.18	1023	/home/cs3612/qemu/mem/mem-3.0.4
27	10199	360	1	3072	1	2956	2956	100.00	17.13	2956	/home/cs3612/qemu/mem/mem-freebsd8.2
27	10199	360	1	3072	1	2956	2956	100.00	17.13	2956	/home/cs3612/qemu/mem/mem-freebsd8.2
12	14477	883	2	1024	15	384	384	100.00	16.24	384	/home/cs3612/qemu/mem/mem-winxp
15	14974	952	2	1024	12	421	421	100.00	24.32	421	/home/cs3612/qemu/mem/mem-winxpsp2-b
15	14974	952	2	1024	13	421	277	65.80	15.18	277	/home/cs3612/qemu/mem/mem-winxpsp2-b
81	98459	36	1	1024	1	1023	929	90.81	11.11	929	/home/cs3612/qemu/mem/mem-2.6.36.4
82	131551	69	1	812	2	811	526	64.86	9.48	526	/home/cs3612/qemu/mem/mem-2.6.26
99	131244	28	1	1641	3	1183	1071	90.53	11.15	1071	/home/cs3612/qemu/mem/mem-2.6.36
78	98459	36	1	1024	1	1023	925	90.42	11.17	925	/home/cs3612/qemu/mem/mem-2.6.36.2
78	98459	36	1	1024	1	1023	925	90.42	11.17	925	/home/cs3612/qemu/mem/mem-2.6.36.2
78	98459	36	1	1024	1	1023	925	90.42	11.17	925	/home/cs3612/qemu/mem/mem-2.6.36.2
78	98459	36	1	1024	1	1023	925	90.42	11.17	925	/home/cs3612/qemu/mem/mem-2.6.36.2
78	98459	36	1	1024	1	1023	925	90.42	11.17	925	/home/cs3612/qemu/mem/mem-2.6.36.2
78	98459	36	1	1024	1	1023	925	90.42	11.17	925	/home/cs3612/qemu/mem/mem-2.6.36.2
12	14477	883	2	1024	16	384	232	60.42	11.91	232	/home/cs3612/qemu/mem/mem-winxp
15	14974	952	2	1024	13	421	277	65.80	15.18	277	/home/cs3612/qemu/mem/mem-winxpsp2-b
15	15183	851	2	1024	14	423	282	66.67	14.76	282	/home/cs3612/qemu/mem/mem-winxpsp3-a
24	21903	2310	1	1024	5	807	453	56.13	7.09	453	/home/cs3612/qemu/mem/mem-winvista
18	33094	2011	2	280	1	280	178	63.57	5.75	178	/home/cs3612/qemu/mem/mem-win7-b
20	14460	1028	2	1024	9	659	374	56.75	13.08	374	/home/cs3612/qemu/mem/mem-win2003
19	14923	1108	2	1024	6	563	342	60.75	12.66	342	/home/cs3612/qemu/mem/mem-win2003sp2
20	27447	1804	1	1024	9	849	542	63.84	7.71	542	/home/cs3612/qemu/mem/mem-win2008
21	36403	1969	1	1024	6	856	536	62.62	7.81	536	/home/cs3612/qemu/mem/mem-win2008sp2
27	9014	369	1	3072	5	1758	1001	56.94	8.87	1001	/home/cs3612/qemu/mem/mem-freebsd7.4
20	9005	350	1	3072	2	2959	1122	37.92	8.66	1122	/home/cs3612/qemu/mem/mem-freebsd8.0
27	10199	360	1	3072	2	2956	1143	38.67	8.90	1143	/home/cs3612/qemu/mem/mem-freebsd8.2
18	10465	412	1	4096	2	3966	1187	29.93	9.15	1187	/home/cs3612/qemu/mem/mem-freebsd8.3
21	10134	360	1	4096	3	2281	1318	57.78	8.64	1318	/home/cs3612/qemu/mem/mem-freebsd9
20	7667	187	1	1634	4	1631	1163	71.31	16.41	1163	/home/cs3612/qemu/mem/mem-openbsd4.7
12	9195	833	1	1936	3	1934	1258	65.05	11.22	1258	/home/cs3612/qemu/mem/mem-openbsd4.8
8	9245	834	1	1973	3	1971	1291	65.50	11.00	1291	/home/cs3612/qemu/mem/mem-openbsd4.9
11	10098	1106	1	1588	4	1585	1290	81.39	11.36	1290	/home/cs3612/qemu/mem/mem-openbsd5
7	10891	1195	1	1596	3	1593	1293	81.17	11.00	1293	/home/cs3612/qemu/mem/mem-openbsd5.1
16	7143	225	1	2006	3	1995	1069	53.58	7.81	1069	/home/cs3612/qemu/mem/mem-netbsd4.0
12	14477	883	2	1024	16	384	232	60.42	11.91	232	/home/cs3612/qemu/mem/mem-winxp
15	14974	952	2	1024	13	421	277	65.80	15.18	277	/home/cs3612/qemu/mem/mem-winxpsp2-b
15	15183	851	2	1024	14	423	282	66.67	14.76	282	/home/cs3612/qemu/mem/mem-winxpsp3-a
24	21903	2310	1	1024	5	807	453	56.13	7.09	453	/home/cs3612/qemu/mem/mem-winvista
18	33094	2011	2	280	1	280	178	63.57	5.75	178	/home/cs3612/qemu/mem/mem-win7-b
20	14460	1028	2	1024	9	659	374	56.75	13.08	374	/home/cs3612/qemu/mem/mem-win2003
19	14923	1108	2	1024	6	563	342	60.75	12.66	342	/home/cs3612/qemu/mem/mem-win2003sp2
20	27447	1804	1	1024	9	849	542	63.84	7.71	542	/home/cs3612/qemu/mem/mem-win2008
21	36403	1969	1	1024	6	856	536	62.62	7.81	536	/home/cs3612/qemu/mem/mem-win2008sp2
27	9014	369	1	3072	5	1758	1001	56.94	8.87	1001	/home/cs3612/qemu/mem/mem-freebsd7.4
20	9005	350	1	3072	2	2959	1122	37.92	8.66	1122	/home/cs3612/qemu/mem/mem-freebsd8.0
27	10199	360	1	3072	2	2956	1143	38.67	8.90	1143	/home/cs3612/qemu/mem/mem-freebsd8.2
18	10465	412	1	4096	2	3966	1187	29.93	9.15	1187	/home/cs3612/qemu/mem/mem-freebsd8.3
21	10134	360	1	4096	3	2281	1318	57.78	8.64	1318	/home/cs3612/qemu/mem/mem-freebsd9
20	7667	187	1	1634	4	1631	1163	71.31	16.41	1163	/home/cs3612/qemu/mem/mem-openbsd4.7
12	9195	833	1	1936	3	1934	1258	65.05	11.22	1258	/home/cs3612/qemu/mem/mem-openbsd4.8
8	9245	834	1	1973	3	1971	1291	65.50	11.00	1291	/home/cs3612/qemu/mem/mem-openbsd4.9
11	10098	1106	1	1588	4	1585	1290	81.39	11.36	1290	/home/cs3612/qemu/mem/mem-openbsd5
7	10891	1195	1	1596	3	1593	1293	81.17	11.00	1293	/home/cs3612/qemu/mem/mem-openbsd5.1
16	7143	225	1	2006	3	1995	1069	53.58	7.81	1069	/home/cs3612/qemu/mem/mem-netbsd4.0
11	7079	220	1	2006	3	1995	1048	52.53	7.58	1048	/home/cs3612/qemu/mem/mem-netbsd4.0.1
13	8081	213	1	2048	11	1792	1148	64.06	8.43	1148	/home/cs3612/qemu/mem/mem-netbsd5.0
11	8024	212	1	2048	11	1792	1147	64.01	8.28	1147	/home/cs3612/qemu/mem/mem-netbsd5.0.1
13	8097	211	1	2048	13	1779	1138	63.97	8.45	1138	/home/cs3612/qemu/mem/mem-netbsd5.0.2
11	8808	210	1	2048	8	1792	1182	65.96	8.28	1182	/home/cs3612/qemu/mem/mem-netbsd5.1
13	8182	210	1	2048	9	1792	1183	66.02	8.28	1183	/home/cs3612/qemu/mem/mem-netbsd5.1.2
82	131551	69	1	812	2	811	526	64.86	9.48	526	/home/cs3612/qemu/mem/mem-2.6.26
77	131555	72	1	845	2	844	548	64.93	9.57	548	/home/cs3612/qemu/mem/mem-2.6.27
77	131842	109	1	885	2	884	575	65.05	9.78	575	/home/cs3612/qemu/mem/mem-2.6.28
77	131278	31	1	1229	11	971	880	90.63	10.79	880	/home/cs3612/qemu/mem/mem-2.6.28.1
74	131278	31	1	1230	12	971	874	90.01	11.07	874	/home/cs3612/qemu/mem/mem-2.6.28.2
79	131678	106	1	908	2	907	597	65.82	9.76	597	/home/cs3612/qemu/mem/mem-2.6.29
79	137360	190	1	934	3	670	606	90.45	9.98	606	/home/cs3612/qemu/mem/mem-2.6.30
84	131263	26	1	1545	3	1098	976	88.89	10.99	976	/home/cs3612/qemu/mem/mem-2.6.31
85	131256	26	1	1589	2	1588	1005	63.29	11.33	1005	/home/cs3612/qemu/mem/mem-2.6.32.27
87	131241	28	1	1606	3	1152	1039	90.19	11.23	1039	/home/cs3612/qemu/mem/mem-2.6.33
83	131243	28	1	1617	2	1616	1043	64.54	11.19	1043	/home/cs3612/qemu/mem/mem-2.6.34
96	131245	28	1	1640	3	1175	1056	89.87	11.35	1056	/home/cs3612/qemu/mem/mem-2.6.35
96	131245	28	1	1640	3	1175	1056	89.87	11.35	1056	/home/cs3612/qemu/mem/mem-2.6.35
99	131244	28	1	1641	3	1183	1071	90.53	11.15	1071	/home/cs3612/qemu/mem/mem-2.6.36
12	14477	883	2	1024	16	384	232	60.42	11.91	232	/home/cs3612/qemu/mem/mem-winxp
15	14974	952	2	1024	13	421	277	65.80	15.18	277	/home/cs3612/qemu/mem/mem-winxpsp2-b
15	15183	851	2	1024	14	423	282	66.67	14.76	282	/home/cs3612/qemu/mem/mem-winxpsp3-a
24	21903	2310	1	1024	5	807	453	56.13	7.09	453	/home/cs3612/qemu/mem/mem-winvista
24	21903	2310	1	1024	5	807	453	56.13	7.09	453	/home/cs3612/qemu/mem/mem-winvista
12	14477	883	2	1024	16	384	232	60.42	11.91	232	/home/cs3612/qemu/mem/mem-winxp
15	14974	952	2	1024	13	421	277	65.80	15.18	277	/home/cs3612/qemu/mem/mem-winxpsp2-b
15	15183	851	2	1024	14	423	282	66.67	14.76	282	/home/cs3612/qemu/mem/mem-winxpsp3-a
24	21903	2310	1	1024	5	807	453	56.13	7.09	453	/home/cs3612/qemu/mem/mem-winvista
18	33094	2011	2	280	1	280	178	63.57	5.75	178	/home/cs3612/qemu/mem/mem-win7-b
20	14460	1028	2	1024	9	659	374	56.75	13.08	374	/home/cs3612/qemu/mem/mem-win2003
19	14923	1108	2	1024	6	563	342	60.75	12.66	342	/home/cs3612/qemu/mem/mem-win2003sp2
20	27447	1804	1	1024	9	849	542	63.84	7.71	542	/home/cs3612/qemu/mem/mem-win2008
21	36403	1969	1	1024	6	856	536	62.62	7.81	536	/home/cs3612/qemu/mem/mem-win2008sp2
27	9014	369	1	3072	5	1758	1001	56.94	8.87	1001	/home/cs3612/qemu/mem/mem-freebsd7.4
20	9005	350	1	3072	2	2959	1122	37.92	8.66	1122	/home/cs3612/qemu/mem/mem-freebsd8.0
27	10199	360	1	3072	2	2956	1143	38.67	8.90	1143	/home/cs3612/qemu/mem/mem-freebsd8.2
18	10465	412	1	4096	2	3966	1187	29.93	9.15	1187	/home/cs3612/qemu/mem/mem-freebsd8.3
21	10134	360	1	4096	3	2281	1318	57.78	8.64	1318	/home/cs3612/qemu/mem/mem-freebsd9
20	7667	187	1	1634	4	1631	1163	71.31	16.41	1163	/home/cs3612/qemu/mem/mem-openbsd4.7
12	9195	833	1	1936	3	1934	1258	65.05	11.22	1258	/home/cs3612/qemu/mem/mem-openbsd4.8
8	9245	834	1	1973	3	1971	1291	65.50	11.00	1291	/home/cs3612/qemu/mem/mem-openbsd4.9
11	10098	1106	1	1588	4	1585	1290	81.39	11.36	1290	/home/cs3612/qemu/mem/mem-openbsd5
7	10891	1195	1	1596	3	1593	1293	81.17	11.00	1293	/home/cs3612/qemu/mem/mem-openbsd5.1
16	7143	225	1	2006	3	1995	1069	53.58	7.81	1069	/home/cs3612/qemu/mem/mem-netbsd4.0
11	7079	220	1	2006	3	1995	1048	52.53	7.58	1048	/home/cs3612/qemu/mem/mem-netbsd4.0.1
82	131551	69	1	812	2	811	526	64.86	9.48	526	/home/cs3612/qemu/mem/mem-2.6.26
77	131555	72	1	845	2	844	548	64.93	9.57	548	/home/cs3612/qemu/mem/mem-2.6.27
77	131842	109	1	885	2	884	575	65.05	9.78	575	/home/cs3612/qemu/mem/mem-2.6.28
77	131278	31	1	1229	11	971	880	90.63	10.79	880	/home/cs3612/qemu/mem/mem-2.6.28.1
74	131278	31	1	1230	12	971	874	90.01	11.07	874	/home/cs3612/qemu/mem/mem-2.6.28.2
79	131678	106	1	908	2	907	597	65.82	9.76	597	/home/cs3612/qemu/mem/mem-2.6.29
79	137360	190	1	934	3	670	606	90.45	9.98	606	/home/cs3612/qemu/mem/mem-2.6.30
84	131263	26	1	1545	3	1098	976	88.89	10.99	976	/home/cs3612/qemu/mem/mem-2.6.31
84	131256	26	1	1589	2	1588	1005	63.29	11.33	1005	/home/cs3612/qemu/mem/mem-2.6.32.27
87	131241	28	1	1606	3	1152	1039	90.19	11.23	1039	/home/cs3612/qemu/mem/mem-2.6.33
83	131243	28	1	1617	2	1616	1043	64.54	11.19	1043	/home/cs3612/qemu/mem/mem-2.6.34
95	131245	28	1	1640	3	1175	1056	89.87	11.35	1056	/home/cs3612/qemu/mem/mem-2.6.35
95	131245	28	1	1640	3	1175	1056	89.87	11.35	1056	/home/cs3612/qemu/mem/mem-2.6.35
96	131244	28	1	1641	3	1183	1071	90.53	11.15	1071	/home/cs3612/qemu/mem/mem-2.6.36
2	98301	3	1	96256	2485	1964	1173	59.73	10.79	1173	/home/cs3612/qemu/mem/mem-2.6.36.2
2	98301	3	1	96256	2713	1995	1182	59.25	10.86	1182	/home/cs3612/qemu/mem/mem-2.6.36.3
2	98301	3	1	96256	2813	1250	1136	90.88	10.78	1136	/home/cs3612/qemu/mem/mem-2.6.36.4
12	14477	883	2	1024	16	384	232	60.42	11.91	232	/home/cs3612/qemu/mem/mem-winxp
15	14974	952	2	1024	13	421	277	65.80	15.18	277	/home/cs3612/qemu/mem/mem-winxpsp2-b
15	15183	851	2	1024	14	423	282	66.67	14.76	282	/home/cs3612/qemu/mem/mem-winxpsp3-a
24	21903	2310	1	1024	5	807	453	56.13	7.09	453	/home/cs3612/qemu/mem/mem-winvista
18	33094	2011	2	280	1	280	178	63.57	5.75	178	/home/cs3612/qemu/mem/mem-win7-b
20	14460	1028	2	1024	9	659	374	56.75	13.08	374	/home/cs3612/qemu/mem/mem-win2003
19	14923	1108	2	1024	6	563	342	60.75	12.66	342	/home/cs3612/qemu/mem/mem-win2003sp2
20	27447	1804	1	1024	9	849	542	63.84	7.71	542	/home/cs3612/qemu/mem/mem-win2008
21	36403	1969	1	1024	6	856	536	62.62	7.81	536	/home/cs3612/qemu/mem/mem-win2008sp2
27	9014	369	1	3072	5	1758	1001	56.94	8.87	1001	/home/cs3612/qemu/mem/mem-freebsd7.4
20	9005	350	1	3072	2	2959	1122	37.92	8.66	1122	/home/cs3612/qemu/mem/mem-freebsd8.0
27	10199	360	1	3072	2	2956	1143	38.67	8.90	1143	/home/cs3612/qemu/mem/mem-freebsd8.2
18	10465	412	1	4096	2	3966	1187	29.93	9.15	1187	/home/cs3612/qemu/mem/mem-freebsd8.3
21	10134	360	1	4096	3	2281	1318	57.78	8.64	1318	/home/cs3612/qemu/mem/mem-freebsd9
20	7667	187	1	1634	4	1631	1163	71.31	16.41	1163	/home/cs3612/qemu/mem/mem-openbsd4.7
12	9195	833	1	1936	3	1934	1258	65.05	11.22	1258	/home/cs3612/qemu/mem/mem-openbsd4.8
8	9245	834	1	1973	3	1971	1291	65.50	11.00	1291	/home/cs3612/qemu/mem/mem-openbsd4.9
11	10098	1106	1	1588	4	1585	1290	81.39	11.36	1290	/home/cs3612/qemu/mem/mem-openbsd5
7	10891	1195	1	1596	3	1593	1293	81.17	11.00	1293	/home/cs3612/qemu/mem/mem-openbsd5.1
16	7143	225	1	2006	3	1995	1069	53.58	7.81	1069	/home/cs3612/qemu/mem/mem-netbsd4.0
11	7079	220	1	2006	3	1995	1048	52.53	7.58	1048	/home/cs3612/qemu/mem/mem-netbsd4.0.1
13	8081	213	1	2048	11	1792	1148	64.06	8.43	1148	/home/cs3612/qemu/mem/mem-netbsd5.0
11	8024	212	1	2048	11	1792	1147	64.01	8.28	1147	/home/cs3612/qemu/mem/mem-netbsd5.0.1
13	8097	211	1	2048	13	1779	1138	63.97	8.45	1138	/home/cs3612/qemu/mem/mem-netbsd5.0.2
11	8808	210	1	2048	8	1792	1182	65.96	8.28	1182	/home/cs3612/qemu/mem/mem-netbsd5.1
13	8182	210	1	2048	9	1792	1183	66.02	8.28	1183	/home/cs3612/qemu/mem/mem-netbsd5.1.2
82	131551	69	1	812	2	811	526	64.86	9.48	526	/home/cs3612/qemu/mem/mem-2.6.26
77	131555	72	1	845	2	844	548	64.93	9.57	548	/home/cs3612/qemu/mem/mem-2.6.27
77	131842	109	1	885	2	884	575	65.05	9.78	575	/home/cs3612/qemu/mem/mem-2.6.28
77	131278	31	1	1229	11	971	880	90.63	10.79	880	/home/cs3612/qemu/mem/mem-2.6.28.1
74	131278	31	1	1230	12	971	874	90.01	11.07	874	/home/cs3612/qemu/mem/mem-2.6.28.2
79	131678	106	1	908	2	907	597	65.82	9.76	597	/home/cs3612/qemu/mem/mem-2.6.29
79	137360	190	1	934	3	670	606	90.45	9.98	606	/home/cs3612/qemu/mem/mem-2.6.30
84	131263	26	1	1545	3	1098	976	88.89	10.99	976	/home/cs3612/qemu/mem/mem-2.6.31
85	131256	26	1	1589	2	1588	1005	63.29	11.33	1005	/home/cs3612/qemu/mem/mem-2.6.32.27
87	131241	28	1	1606	3	1152	1039	90.19	11.23	1039	/home/cs3612/qemu/mem/mem-2.6.33
83	131243	28	1	1617	2	1616	1043	64.54	11.19	1043	/home/cs3612/qemu/mem/mem-2.6.34
99	131244	28	1	1641	3	1183	1071	90.53	11.15	1071	/home/cs3612/qemu/mem/mem-2.6.36
77	131246	38	1	1024	1	1023	926	90.52	11.30	926	/home/cs3612/qemu/mem/mem-2.6.36.1
78	98459	36	1	1024	1	1023	925	90.42	11.17	925	/home/cs3612/qemu/mem/mem-2.6.36.2
76	98459	36	1	1024	1	1023	930	90.91	11.15	930	/home/cs3612/qemu/mem/mem-2.6.36.3
81	98459	36	1	1024	1	1023	929	90.81	11.11	929	/home/cs3612/qemu/mem/mem-2.6.36.4
58	131354	149	2	1024	1	1023	975	95.31	15.55	975	/home/cs3612/qemu/mem/mem-3.0.0
73	131335	183	2	1024	1	1023	918	89.74	12.33	918	/home/cs3612/qemu/mem/mem-3.0.4
82	131551	69	1	812	2	811	526	64.86	9.48	526	/home/cs3612/qemu/mem/mem-2.6.26
99	131244	28	1	1641	3	1183	1071	90.53	11.15	1071	/home/cs3612/qemu/mem/mem-2.6.36
107	131070	3	1	129024	882	663	28	4.22	2.09	28	/home/cs3612/mem-3.2.52
66	131072	3	2	768	1	767	682	88.92	11.73	682	/home/cs3612/mem-3.1.0
66	131072	3	2	768	1	767	682	88.92	11.73	682	/home/cs3612/mem-3.1.0
61	131072	3	2	768	1	767	684	89.18	11.72	684	/home/cs3612/mem-3.1.1
32	131072	3	2	768	1	767	687	89.57	11.69	687	/home/cs3612/mem-3.1.2
57	131072	3	2	768	1	767	684	89.18	11.73	684	/home/cs3612/mem-3.1.3
79	131072	3	2	768	1	767	680	88.66	11.60	680	/home/cs3612/mem-3.2.0
71	131072	3	2	768	1	767	680	88.66	11.83	680	/home/cs3612/mem-3.3.0
39	131072	3	2	768	1	767	679	88.53	11.74	679	/home/cs3612/mem-3.4.0
67	131072	5	2	768	1	767	676	88.14	11.87	676	/home/cs3612/mem-3.5.0
65	131072	5	2	768	1	767	690	89.96	11.82	690	/home/cs3612/mem-3.6.0
21	131072	5	2	768	1	767	679	88.53	11.74	679	/home/cs3612/mem-3.7.0
84	131072	5	2	768	1	767	674	87.87	11.53	674	/home/cs3612/mem-3.8.0
30	131040	7	2	768	1	767	660	86.05	11.90	660	/home/cs3612/mem-3.9.0
50	131041	8	2	768	1	768	687	89.45	11.72	687	/home/cs3612/mem-3.10.20
43	131041	8	2	768	1	768	688	89.58	11.81	688	/home/cs3612/mem-3.11.9
64	131567	75	1	1942	1	1942	1243	64.01	11.37	1243	/home/cs3612/mem-3.12.0
